(1,2,(4,((((9,(((((15,((((20),((((26,(28)))),33)))),(39)))),(45))),49))))),55);
(1,2,((((((9)),((14,(16))),((((((26)),(30)),33)))),38))),(((45),(48))),(53),55);
(1,(((5,(((9)),((((16,((((((23)))),((30),(33,34),36))))),(43))),(48))))),54,55);
((((4),(((9)),((14,(16))),((((((26,(28)),31))))))),((41,(((45),(48)))))),55);
(1,2,((((((9)),12),14)),(((20)))),(((28,(30),(((((37,38)))),((45)))))),(53),55);
(1,(((5,(((9)),(((((((19),((((((27,(29)),32)))))),39))),(44))),(49))))),55,56);
(1,2,((5,(((9,(11)))),((((20)))))),(((30),(((35)),38,((((43,(45)))))),52)),55);
((((4,((7,8)),(12)))),(((((((((26,(28)))),33))),(38,((41))),(((48)))))),55);
((((4,((7,8)),(12)))),(((((((((26,(28)))),33))),(38,((41))),(((48)))))),55);
(1,((4,5)),(((11),(((((((20)))),(26))))),(((35,(((((41)),(45)))))),52)),55);
((((4,5))),((11),(((((((20)))),(26))))),32,((((((((41)),(45)))))),52),54,55);
((((((((8,9)))),((((18)))))),((27))),(32),(((((39),41))),(((((50)))))),57);
((2),4,((((((11,((((16),((20,(((((26,(28)))),33))))),((41)),(45))))))))),55);
(((((((7,8,(10,(12)),(16))),((((((26,(28)))),33)))),38,((((43,(45)))))),52)),55);
(1,2,(((((8),(11))))),(((((((((26,(28)))),33))),(38,((41))),(((48)))))),55);
((((4,((7,8)),(12)))),(((((((((26,(28)))),33))),(38,((41))),(((48)))))),55);
(1,(((5,(((9,(11)))),((18),((((((26,(28)))),33)))),38))),(43,((((48))),52)),55);
(((3,4)),(((10,((13))))),(((((((26,(28)))),33,(35,(37)))))),((((48))),52),54,55);
(1,(((5,((((10),12))),((18),((((((26,(28)))),33)))),38))),(43,((((48))),52)),55);
(1,((4,5)),((((12),((16),((20,(((((26,(28)))),33))))),((((43,(45)))))))),54,55);
((2,((5,(7)))),((((16,(((((((((26,(28)))),33)),((38,((41))),45))))))))),55);
((((4,((7,8)),(12)),(16,(((((((((26,(28)))),33))))),((((43,(45))))))))),55);
(1,2,3,(((((((11))),(((((20))),24)))),((((33,34),(((((41)),(45))))))))),55);
(1,(((((((((11))),(((((20))),24)))),(30))))),(((((41)),(45)))),((52)));